0001010010001010
0001001001000101
0000010001011010
0000110100111010
0000110100111000
0000101010001000
0000101001010001
0000000010001001
0010001100000011
0010111001001100
0000001100001011
0000001111001011
0101000000000011
0000000000000000
0000000000000000
0000000000000000
0101001100000001
0011010001110011
0011011010001010
1001110101000111
1001111111001010
0111010011000001
0111000011000011
0110001010000010
0000000000000000
0000000000000000
0110000000001110
0000010111101100
0000010010100100
0100100110010101
0100110101101010
0000110101100101
0000100011001101
1000011111000111
1000000010000011
0000000000000000
0000000000000000
0000000000000000
0000000000000000
0000000000000000
0000000000000000
0000000000000000
0000000000000000
0000000000000000
0000000000000000
0000000000000000
0000000000000000
0000000000000000
0000000000000000
0000000000000000
0000000000000000
0000000000000000
0000000000000000
0000000000000000
0000000000000000
0000000000000000
0000000000000000
0000000000000000
0000000000000000
0000000000000000
0000000000000000
0000000000000000
0000000000000000
0000000000000000